1 0.09953051643192488 0.7970730127893799 0.0863849765258216 0.39446980734984627
1 0.3347417840375587 0.6964222114294966 0.08356807511737091 0.3680362635583617
1 0.43475042352094334 0.842619394528088 0.07325671558648765 0.3147612109438239
1 0.968075117370892 0.9148033025740651 0.06384976525821599 0.17039339485186986
1 0.7197269493425397 0.827369273109924 0.09109709117334205 0.34526145378015216
1 0.4727699530516432 0.5327375748745345 0.06291079812206575 0.29686903027359557
1 0.7887323943661971 0.43005342399222923 0.08826291079812208 0.24603529221304843
1 0.6901408450704225 0.5357875991581673 0.09201877934272318 0.2785688845717985
1 0.615962441314554 0.6577885705034806 0.08450704225352113 0.3192358750202363
0 0.5497652582159624 0.5195208029787922 0.08356807511737081 0.3639695645135179
