1 0.0939624620655966 0.7619521912350598 0.10523795751346818 0.39243027888446214
1 0.33591580188450776 0.646414342629482 0.08174734199706897 0.38446215139442247
1 0.4500801932942077 0.8087649402390439 0.10147945903084434 0.346613545816733
1 0.9524292548458476 0.8864541832669324 0.09514149030830481 0.2270916334661355
1 0.7253902071464057 0.799800796812749 0.08644546510034885 0.38446215139442236
1 0.7911639305923234 0.4053784860557769 0.08268696661772496 0.24501992031872508
1 0.7047184654919744 0.49701195219123506 0.08832471434166095 0.2928286852589641
1 0.5966616341165384 0.601593625498008 0.07141147116985337 0.3545816733067728
1 0.4777991196035586 0.49800796812749 0.05731710186001386 0.2828685258964143
0 0.5341765968429166 0.49501992031872505 0.08362659123838093 0.3047808764940239
