1 0.48583743842364524 0.42118226600985226 0.06280788177339901 0.1494252873563218
1 0.4331896551724138 0.39737274220032837 0.03879310344827587 0.1576354679802955
0 0.46366995073891615 0.40722495894909694 0.06650246305418711 0.10509031198686371
1 0.3657635467980295 0.6075533661740558 0.055418719211822634 0.30541871921182256
1 0.4438115763546797 0.6847290640394088 0.04525862068965516 0.34482758620689646
1 0.4839901477832512 0.6518883415435139 0.02955665024630541 0.3021346469622332
1 0.664779038273877 0.5280639050926479 0.037869458128078716 0.33004926108374444
1 0.6220751231527091 0.8407224958949093 0.07296798029556653 0.3152709359605915
1 0.7915640394088669 0.5566502463054188 0.04433497536945808 0.28243021346469627
1 0.8442118226600985 0.5574712643678161 0.04064039408867003 0.2939244663382595
1 0.9148706896551724 0.5763546798029556 0.06188423645320199 0.3185550082101806
