0 0.43965517241379304 0.42610837438423643 0.06834975369458128 0.14942528735632188
1 0.4230295566502463 0.4121510673234811 0.025862068965517224 0.1970443349753695
1 0.49276477832512305 0.46387520525451564 0.10991379310344826 0.1330049261083744
1 0.36761083743842365 0.6215106732348111 0.03694581280788178 0.3103448275862069
1 0.46274630541871914 0.6978653530377669 0.04433497536945815 0.3316912972085387
1 0.5020012315270936 0.6510673234811165 0.03786945812807886 0.23152709359605908
1 0.616533251231527 0.8399014778325123 0.07296798029556655 0.32019704433497537
1 0.6740914088852515 0.5202562518598447 0.045258620689655124 0.3136288998357971
1 0.8160406403940886 0.5566502463054187 0.048953201970443276 0.24630541871921183
1 0.8608374384236452 0.5492610837438424 0.035098522167487683 0.28407224958949095
1 0.9379618226600985 0.577175697865353 0.043411330049261065 0.2939244663382594
