0 0.4498152709359606 0.3932676518883415 0.060960591133004914 0.1362889983579639
1 0.4294950738916256 0.4220032840722496 0.03509852216748776 0.22660098522167488
1 0.3671490147783251 0.6133004926108375 0.05634236453201971 0.33004926108374394
1 0.4419642857142857 0.6904761904761905 0.06373152709359602 0.3661740558292283
1 0.49599753694581283 0.6362889983579639 0.0332512315270936 0.30377668308702793
1 0.6137623152709358 0.8284072249589491 0.08959359605911331 0.34318555008210183
1 0.6553263546798029 0.5164203612479474 0.043411330049261065 0.32676518883415434
1 0.7989532019704433 0.577175697865353 0.06280788177339901 0.2742200328407225
1 0.8492918719211822 0.5500821018062397 0.03786945812807886 0.2692939244663383
1 0.9282635467980295 0.5779967159277504 0.049876847290640285 0.2955665024630542
1 0.4918411330049256 0.4367816091954018 0.08589901477832501 0.14449917898193762
