1 0.29556650246305416 0.590311986863711 0.03509852216748765 0.29392446633825947
1 0.39347290640394084 0.7479474548440065 0.0665024630541872 0.3760262725779967
1 0.49045566502463045 0.6247947454844006 0.04802955665024634 0.3267651888341544
1 0.7329125615763548 0.8021346469622332 0.06003694581280783 0.3694581280788178
1 0.9619766009852216 0.6272577996715928 0.058189655172413805 0.2988505747126437
1 0.626231527093596 0.3957307060755336 0.03879310344827587 0.2036124794745485
1 0.6617918719211822 0.3661740558292283 0.034174876847290536 0.19704433497536947
1 0.8229679802955664 0.568144499178982 0.025862068965517297 0.26600985221674883
1 0.8774630541871921 0.4761904761904762 0.05911330049261082 0.20689655172413787
1 0.8266625615763545 0.3735632183908046 0.03694581280788185 0.11986863711001643
